info: seed 2832
info: loading game
(10, 12) 1
(10, 13) 1
(11, 13) 1
(12, 13) 1
(13, 13) 1
(14, 13) 1
(15, 13) 1
(15, 14) 1
(16, 14) 1
(16, 15) 1
(16, 16) 1
(16, 17) 1
(17, 17) 1
(17, 18) 1
(17, 19) 1
(18, 19) 1
(5, 27) 1
(5, 28) 1
(5, 29) 1
(6, 29) 1
(6, 30) 1
(7, 30) 1
(7, 31) 1
(8, 31) 1
(9, 31) 1
(10, 31) 1
(11, 31) 1
(12, 31) 1
(13, 30) 1
(13, 31) 1
(14, 30) 1
(15, 30) 1
(24, 30) 1
(24, 31) 1
(25, 29) 1
(25, 30) 1
(26, 29) 1
(27, 27) 1
(27, 28) 1
(27, 29) 1
(28, 26) 1
(28, 27) 1
(29, 26) 1
(30, 25) 1
(30, 26) 1
(31, 23) 1
(31, 24) 1
(31, 25) 1
(25, 16) 1
(25, 17) 1
(26, 16) 1
(27, 14) 1
(27, 15) 1
(27, 16) 1
(28, 13) 1
(28, 14) 1
(29, 13) 1
(30, 13) 1
(31, 8) 1
(31, 9) 1
(31, 10) 1
(31, 11) 1
(31, 12) 1
(31, 13) 1
(5, 14) 1
(5, 15) 1
(5, 16) 1
(5, 17) 1
(5, 18) 1
(5, 19) 1
(5, 20) 1
(6, 14) 1
(6, 20) 1
(7, 14) 0
(7, 20) 1
(7, 21) 1
(8, 14) 0
(8, 21) 1
(9, 21) 1
(10, 21) 1
(5, 5) 1
(6, 5) 1
(7, 5) 1
(8, 5) 1
(8, 6) 1
(9, 6) 1
(10, 6) 1
(10, 7) 1
(15, 25) 1
(16, 24) 1
(16, 25) 1
(17, 24) 1
(18, 24) 1
(19, 22) 0
(19, 23) 1
(19, 24) 1
(20, 22) 0
(21, 21) 0
(21, 22) 0
(22, 21) 1
(23, 21) 1
(24, 19) 0
(24, 20) 0
(24, 21) 1
(12, 8) 0
(13, 8) 0
(14, 8) 1
(15, 7) 1
(15, 8) 1
(16, 5) 1
(16, 6) 1
(16, 7) 1
(17, 5) 1
(18, 5) 1
(19, 5) 1
(20, 5) 1
(21, 5) 1
(21, 6) 1
(21, 14) 1
(21, 15) 1
(22, 12) 1
(22, 13) 0
(22, 14) 0
(23, 11) 1
(23, 12) 1
(24, 11) 0
(25, 8) 1
(25, 9) 1
(25, 10) 0
(25, 11) 0
(26, 7) 1
(26, 8) 1
info: loaded game
ERROR: Wrong number of players.
Game: Game.cc:14: static void Game::run(std::vector<std::basic_string<char> >, std::istream&, std::ostream&, int): Assertion `np == (int)names.size()' failed.
